848.65
809.07
906.28
893.16
903.68
844.76
848.78
823.64
781.05
791.63
790.04
842.88
855.69
804.84
918.03
892.63
904.4
853.54
847.84
790.4
778.35
778.81
771.62
809.65
851.09
773.33
901.62
882.02
887.61
825.44
839.94
804.7
785.09
799.06
805.98
828.92
854.82
805.09
892.56
896.56
895.31
833.51
843.92
800.69
790.53
797.25
783.83
797.69
831.43
804.51
888.26
875.3
876.29
876.29
857.35
806.51
784.58
788.56
782.58
797.54
864.91
841.79
911.72
909.55
896.3
841.86
840
808.34
796.15
811.52
801.66
803.2
903
833.18
908.67
894.44
892.68
861.97
850.8
829.41
787.41
811.83
792.01
827.19
900.26
838.67
909.5
904.37
908.47
865.36
