31.81
31.4
30.86
29.88
28.85
28.22
28
28.46
30.87
33.06
33.45
33.05
32.35
32.56
31.79
30.97
30.11
29.13
28.76
29.12
31.06
33
34.17
33.46
32.41
32.43
31.66
29.57
27.73
27.51
27.07
27.87
31.29
34
34.12
33.64
33.74
32.75
31.71
30.14
28.93
28.66
28.19
28.71
31.85
34.33
35.4
35.42
34.78
34.19
32.42
30.39
28.83
28.41
28.54
29.55
32.44
34.94
35.72
35.25
34.63
32.99
31.22
30.39
28.75
28.33
28.46
29.45
32.55
35.17
37.13
36.55
34.83
34.15
32.48
31.1
30.04
29.62
30.25
31.99
35.06
37.09
38
32.51
34.66
33.52
31.66
30.07
29.5
28.71
28.83
30.89
32.95
35.35
36.32
35.72
33.91
32.3
30.76
29.65
29
28.88
29.85
31.04
33.54
35.28
35.99
35.47
34.36
32.82
31.68
30.55
30.42
31.25
32.42
34.13
37.63
38.24
39.61
38.94
36.92
33.91
32.3
31.09
29.78
29.49
30.28
31.98
35.09
36.67
36.61
36.71
35.33
33.8
32.06
31.03
30.24
29.18
29.67
30.93
33.51
35.49
35.82
35.33
34.38
32.34
31.56
31.11
30.27
29.62
30.07
30.47
32.52
34.56
35.11
35.27
33.19
31.99
30.75
29.19
28.43
28
28.4
29.78
31.15
32.53
33.3
33.47
31.83
30.18
29.92
28.57
28.56
27.98
28.52
29.69
31.26
32.39
33.35
33.17
31.75
30.21
29.81
29.51
30.36
31.6
