77.43
77.53
77.92
77.92
78.08
78.29
78.15
78.32
78.74
78.67
78.85
78.82
78.47
78.69
79.07
79.48
79.99
80.05
79.87
79.87
80.03
80.08
79.87
79.98
80.37
80.45
80.8
81.13
81.24
81.2
81.13
81.31
81.47
81.61
81.56
81.7
81.87
82.51
82.85
82.72
82.67
82.83
82.73
82.94
83.3
83.48
83.56
83.66
83.68
84.06
84.44
84.67
85.01
85.04
84.87
85.08
85.16
85.39
85.43
85.54
85.06
85.63
86.22
86.37
86.43
86.54
86.39
86.75
87.13
87.12
86.93
87.04
86.97
87.31
87.69
88.08
88.46
88.46
88.29
88.58
88.4
88.19
88.3
88.51
88.17
88.36
88.77
89.25
89.48
89.61
89.32
89.7
89.83
90.08
90.62
90.99
90.98
91.18
91.91
92.26
92.79
93.18
92.93
92.87
92.84
92.79
92.32
92.07
